%YAML:1.0
---
model_type: radtan
camera_name: camera
image_width: 640
image_height: 480
distortion_parameters:
   k1: 0.0
   k2: 0.0
   p1: 0.0
   p2: 0.0
projection_parameters:
   fx: 383.9386901855469
   fy: 383.9386901855469
   cx: 322.4555358886719
   cy: 243.42393493652344
