%YAML:1.0
# General sensor definitions.
camera_id: left_cam

# Sensor extrinsics wrt. the body-frame.
T_BS:
  cols: 4
  rows: 4
  data: [0.99998939, -0.00459402,  0.00032586, -0.00107491,
         0.0045972,   0.99993382, -0.01054608,  0.00339225,
        -0.00027739,  0.01054747,  0.99994434,  0.02843741,
         0.0, 0.0, 0.0, 1.0]

# Camera specific definitions.
rate_hz: 30
resolution: [640, 480]
camera_model: pinhole
intrinsics: [383.9386901855469, 383.9386901855469, 322.4555358886719, 243.42393493652344] #fu, fv, cu, cv
distortion_model: radial-tangential
distortion_coefficients: [-0.0013808280807205383, 0.0004377221741489267, 0.0008978785979835018, -0.0004197438761883038]
