%YAML:1.0
# General sensor definitions.
camera_id: right_cam

# Sensor extrinsics wrt. the body-frame.
T_BS:
  cols: 4
  rows: 4
  data: [0.99998642, -0.00456824, -0.00250874,  0.04882315,
         0.00454183,  0.99993527, -0.01043246,  0.00363688,
         0.00255624,  0.01042092,  0.99994243,  0.02863922,
         0.0, 0.0, 0.0, 1.0]

# Camera specific definitions.
rate_hz: 30
resolution: [640, 480]
camera_model: pinhole
intrinsics: [383.9386901855469, 383.9386901855469, 322.4555358886719, 243.42393493652344] #fu, fv, cu, cv
distortion_model: radial-tangential
distortion_coefficients: [-0.0013808280807205383, 0.0004377221741489267, 0.0008978785979835018, -0.0004197438761883038]

