%YAML:1.0
# General sensor definitions.
camera_id: left_cam

# Sensor extrinsics wrt. the body-frame.
T_BS:
  cols: 4
  rows: 4
  data: [0.009192845466667487, -0.9999201639392753, 0.008669333300708348, 0.004003330778893633,
        0.005608539670880819, -0.00861800459189016, -0.9999471357424922, 0.004032293759492885,
        0.9999420162564356, 0.009240981793454561, 0.005528867922722724, -0.013822916471822447,
        0.0, 0.0, 0.0, 1.0]

# Camera specific definitions.
rate_hz: 30
resolution: [640, 480]
camera_model: pinhole
intrinsics: [383.9386901855469, 383.9386901855469, 322.4555358886719, 243.42393493652344] #fu, fv, cu, cv
distortion_model: radial-tangential
distortion_coefficients: [-0.0013808280807205383, 0.0004377221741489267, 0.0008978785979835018, -0.0004197438761883038]
