%YAML:1.0
# General sensor definitions.
camera_id: right_cam

# Sensor extrinsics wrt. the body-frame.
T_BS:
  cols: 4
  rows: 4
  data: [0.009109389573161014, -0.9999198158210081, 0.008796644251427843, -0.04603910779969506,
        0.005661641680209273, -0.008745294003956017, -0.9999457313505917, 0.003985427819330376,
        0.9999424807633137, 0.009158698666631826, 0.005581523416105516, -0.014059848124890202,
        0.0, 0.0, 0.0, 1.0]

# Camera specific definitions.
rate_hz: 30
resolution: [640, 480]
camera_model: pinhole
intrinsics: [383.9386901855469, 383.9386901855469, 322.4555358886719, 243.42393493652344] #fu, fv, cu, cv
distortion_model: radial-tangential
distortion_coefficients: [-0.0013808280807205383, 0.0004377221741489267, 0.0008978785979835018, -0.0004197438761883038]

