cam0:
  T_cam_imu:
  - [0.009192845466667487, -0.9999201639392753, 0.008669333300708348, 0.004003330778893633]
  - [0.005608539670880819, -0.00861800459189016, -0.9999471357424922, 0.004032293759492885]
  - [0.9999420162564356, 0.009240981793454561, 0.005528867922722724, -0.013822916471822447]
  - [0.0, 0.0, 0.0, 1.0]
  cam_overlaps: [1]
  camera_model: pinhole
  distortion_coeffs: [-0.0013808280807205383, 0.0004377221741489267, 0.0008978785979835018,
    -0.0004197438761883038]
  distortion_model: radtan
  intrinsics: [383.9386901855469, 383.9386901855469, 322.4555358886719, 243.42393493652344]
  resolution: [640, 480]
  rostopic: /realsense/infra1/image_rect_raw
  timeshift_cam_imu: -0.0019901619741029258
cam1:
  T_cam_imu:
  - [0.009109389573161014, -0.9999198158210081, 0.008796644251427843, -0.04603910779969506]
  - [0.005661641680209273, -0.008745294003956017, -0.9999457313505917, 0.003985427819330376]
  - [0.9999424807633137, 0.009158698666631826, 0.005581523416105516, -0.014059848124890202]
  - [0.0, 0.0, 0.0, 1.0]
  T_cn_cnm1:
  - [0.9999999884134568, -0.00012777528629494622, -8.274395203515635e-05, -0.050043067067451916]
  - [0.00012777958348788327, 0.9999999904878045, 5.193041583313254e-05, -4.665961594562806e-05]
  - [8.273731582432923e-05, -5.194098821916575e-05, 0.9999999952283347, -0.00023705350254642324]
  - [0.0, 0.0, 0.0, 1.0]
  cam_overlaps: [0]
  camera_model: pinhole
  distortion_coeffs: [-0.003889216215329426, 0.007041867072179988, 0.0007577711420689905,
    -0.001097831205483185]
  distortion_model: radtan
  intrinsics: [383.9386901855469, 383.9386901855469, 322.4555358886719, 243.42393493652344]
  resolution: [640, 480]
  rostopic: /realsense/infra2/image_rect_raw
  timeshift_cam_imu: -0.0019939957140904458
T_imu_body:
  [1.0000, 0.0000, 0.0000, 0.0000,
  0.0000, 1.0000, 0.0000, 0.0000,
  0.0000, 0.0000, 1.0000, 0.0000,
  0.0000, 0.0000, 0.0000, 1.0000]
